image: ita_rojo.png
resolution: 0.050000
origin: [-58.95, -19.35, 0.000000]   #ORIGEN SLAM  -18.95
negate: 0
occupied_thresh: 0.65
free_thresh: 0.196

#origin: [-9.556122, -37.780779, 0.000000] ORIGEN REAL

